
% Fitting a polynomial of degree 8 to lasa_dataset/CShape.mat and learning a vectorfield of degree 8 with tau = None, alpha_p=1e-08, alpha_f=1e-08. make_zero_at_end=True
function Xdot = CShape(X)
    scale = 1000.0;
    time_scale = 2.985824570683763;
    translation = [-17.31737402  16.49598385];
    x_0 = (X(:, 1) - translation(1)) / scale;
    x_1 = (X(:, 2) - translation(2)) / scale;

    fx_0 = -3.07971027067657e-7*x_0.^8 - 1.76014654663584e-6*x_0.^7.*x_1 - 2.84541887286442e-5*x_0.^7 + 4.70517137847787e-5*x_0.^6.*x_1.^2 + 0.0025964564748024*x_0.^6.*x_1 + 0.0234141051066603*x_0.^6 - 0.00103956371585175*x_0.^5.*x_1.^3 + 0.0571586696364624*x_0.^5.*x_1.^2 + 0.710185333172644*x_0.^5.*x_1 + 0.0240549503331343*x_0.^5 + 0.0186360137815053*x_0.^4.*x_1.^4 + 1.1000283787044*x_0.^4.*x_1.^3 + 8.40086650695104*x_0.^4.*x_1.^2 + 0.840788528973807*x_0.^4.*x_1 - 0.0257304625681468*x_0.^4 - 0.287693802049341*x_0.^3.*x_1.^5 + 10.5696677509903*x_0.^3.*x_1.^4 + 47.998882508792*x_0.^3.*x_1.^3 + 11.4687882621269*x_0.^3.*x_1.^2 - 0.66255243622124*x_0.^3.*x_1 - 0.000140406591950514*x_0.^3 + 2.91985394660714*x_0.^2.*x_1.^6 + 30.0184899235215*x_0.^2.*x_1.^5 + 130.232114258947*x_0.^2.*x_1.^4 + 74.9583972998256*x_0.^2.*x_1.^3 - 6.34085335638776*x_0.^2.*x_1.^2 - 0.0282060218949425*x_0.^2.*x_1 + 0.00311165695224553*x_0.^2 - 15.0864442492429*x_0.*x_1.^7 - 22.9548399877671*x_0.*x_1.^6 + 116.315596207335*x_0.*x_1.^5 + 230.235717774587*x_0.*x_1.^4 - 26.6815162496156*x_0.*x_1.^3 - 0.38609563112941*x_0.*x_1.^2 + 0.0796697620954987*x_0.*x_1 - 1.42434244839474*x_0 + 29.6053426239232*x_1.^8 + 15.2930958057054*x_1.^7 - 118.993622521986*x_1.^6 + 258.914243680625*x_1.^5 - 42.0318717817103*x_1.^4 - 1.43230226427589*x_1.^3 + 0.417191484748415*x_1.^2 - 3.7277222198574*x_1 - 0.0366888956762601;
    fx_1 = 1.77716255754749e-7*x_0.^8 - 1.62082503289561e-6*x_0.^7.*x_1 + 1.42695117989265e-5*x_0.^7 + 2.9729120590344e-5*x_0.^6.*x_1.^2 + 0.0014332037555229*x_0.^6.*x_1 + 0.00833078718581243*x_0.^6 - 0.000486295067178316*x_0.^5.*x_1.^3 + 0.0143747258257178*x_0.^5.*x_1.^2 + 0.242615727138842*x_0.^5.*x_1 - 0.0707894223844976*x_0.^5 + 0.00667877168779653*x_0.^4.*x_1.^4 + 0.150034975279437*x_0.^4.*x_1.^3 + 2.72071601906487*x_0.^4.*x_1.^2 - 2.11336175331743*x_0.^4.*x_1 + 0.0332795794174676*x_0.^4 - 0.0775896482591351*x_0.^3.*x_1.^5 + 1.60760464408982*x_0.^3.*x_1.^4 + 11.4037164251891*x_0.^3.*x_1.^3 - 24.9130837732397*x_0.^3.*x_1.^2 + 0.812525015093945*x_0.^3.*x_1 - 0.00888926656232636*x_0.^3 + 0.626679022323877*x_0.^2.*x_1.^6 + 6.24546396514531*x_0.^2.*x_1.^5 - 9.1613199889801*x_0.^2.*x_1.^4 - 142.644818813753*x_0.^2.*x_1.^3 + 7.42446032662481*x_0.^2.*x_1.^2 - 0.173968227239283*x_0.^2.*x_1 + 0.0167487835600177*x_0.^2 - 2.78161052144957*x_0.*x_1.^7 - 12.6028113063844*x_0.*x_1.^6 - 152.748920870651*x_0.*x_1.^5 - 387.963290853944*x_0.*x_1.^4 + 29.7946261453068*x_0.*x_1.^3 - 1.16916560294685*x_0.*x_1.^2 + 0.330159288555651*x_0.*x_1 + 2.66547499549952*x_0 + 4.9418075841462*x_1.^8 + 126.737421417447*x_1.^7 - 109.964879567588*x_1.^6 - 383.800495692117*x_1.^5 + 43.7293331439561*x_1.^4 - 2.671964292736*x_1.^3 + 2.64186262579403*x_1.^2 - 0.393986696075579*x_1 - 0.0534089157924207;

    Xdot = [fx_0 fx_1] * scale * time_scale;
end
